469
46
52
45
133
70
73
40
61
77
3
188
306
54
300
41
49
213
129
174
129
71
40
158
69
44
164
1251
89
106
62
1086
75
255
94
125
75
105
191
108
79
104
2842
129
104
180
178
116
75
144
107
92
109
96
79
56
471
83
160
62
331
86
70
96
100
72
69
116
63
171
59
155
366
56
60
34
122
53
55
145
74
167
717
978
380
72
108
66
197
40
99
131
104
1436
428
57
77
298
264
90
113
30
46
41
143
46
101
102
268
1251
40
56
59
354
152
43
64
43
128
743
102
86
1243
271
97
73
66
65
303
68
78
36
864
31
270
391
51
70
6
218
43
57
31
58
81
213
208
251
43
61
45
590
56
154
174
212
61
222
1252
157
62
76
75
39
247
9
156
59
81
59
166
122
57
76
140
1142
102
132
371
161
119
156
86
128
95
199
1587
68
42
31
29
47
154
96
61
7
173
98
57
133
74
78
26
365
73
68
196
118
78
109
59
197
335
146
110
42
78
1677
147
31
52
64
45
89
755
314
33
62
110
80
94
72
88
338
69
134
86
60
76
463
128
125
39
58
7
155
82
145
779
114
46
53
85
48
34
79
44
93
219
50
430
116
62
52
101
78
50
52
53
56
54
137
62
52
85
169
214
38
55
126
1389
108
88
166
62
90
291
319
83
39
36
24
169
30
42
204
45
42
187
324
52
220
124
67
82
155
67
894
136
426
118
37
15
153
39
203
36
43
50
84
58
189
156
77
58
363
86
60
222
227
88
83
111
49
37
48
3
117
64
135
46
77
84
43
166
112
53
2058
194
41
40
69
187
41
137
67
232
56
91
258
175
138
62
6
149
55
264
39
54
93
47
40
104
56
131
35
119
82
77
121
379
80
114
39
76
49
44
69
71
242
729
265
5
134
31
124
49
1789
96
28
140
72
140
71
53
154
85
51
62
85
139
246
126
266
36
254
69
250
146
521
103
92
228
106
520
49
127
54
292
3
834
60
176
36
272
64
1864
100
64
59
111
150
153
173
133
87
71
92
62
131
320
94
104
89
55
68
74
329
108
189
109
121
61
109
102
111
65
2175
108
45
112
100
67
75
55
76
133
95
337
139
149
73
74
77
185
101
109
167
330
211
116
47
79
97
85
103
97
137
129
72
75
112
82
59
1516
164
89
68
146
74
85
55
5
783
63
1481
123
136
158
183
102
61
93
72
126
111
166
117
140
337
50
56
136
86
174
152
185
88
79
64
88
122
88
62
1919
70
96
80
74
86
861
109
62
1578
154
278
72
85
112
103
153
200
127
118
98
138
169
527
56
65
155
126
182
117
230
87
50
67
91
65
62
1675
95
96
37
57
186
301
91
1353
1561
105
146
109
64
197
90
98
149
101
96
171
140
75
444
78
111
109
94
113
204
147
67
174
106
110
64
1498
42
31
68
46
80
1144
99
222
1809
69
85
111
132
136
139
106
189
120
144
92
81
115
397
78
113
163
106
95
98
62
131
84
48
92
94
1263
91
46
246
93
7140
126
107
136
125
137
120
145
120
57
61
124
50
75
341
118
106
134
156
83
58
81
117
44
53
98
85
136
228
158
35
334
1169
87
314
47
352
80
86
2089
202
130
153
140
496
98
164
105
62
80
84
136
88
328
101
132
113
90
50
78
167
59
56
94
97
45
51
90
247
115
78
63
1606
121
122
161
129
78
75
99
56
488
77
79
75
154
251
103
80
90
83
82
91
68
56
78
265
47
115
49
37
202
136
79
61
110
1949
171
172
85
84
73
118
87
87
189
70
89
119
1032
321
97
91
64
103
105
45
118
124
112
168
121
107
134
36
37
144
252
208
183
66
127
106
160
2080
51
68
81
58
100
73
88
73
85
136
181
82
156
380
92
51
136
95
114
71
83
74
89
106
140
89
85
117
149
54
1736
61
56
85
95
121
70
130
128
184
95
222
84
110
1303
56
69
77
113
46
134
174
52
111
65
83
60
57
61
162
258
83
79
108
198
190
86
73
1894
305
48
90
80
79
89
187
62
230
121
97
86
93
230
112
92
61
365
80
116
50
100
57
115

